0 0.845365 0.844190 0.026927 0.093102
0 0.862174 0.677315 0.022422 0.098519
0 0.874440 0.440208 0.015443 0.094769
0 0.868672 0.208472 0.024531 0.095278
0 0.600716 0.945116 0.048620 0.075602
0 0.611901 0.684468 0.052083 0.103750
0 0.618646 0.278981 0.054010 0.107130
0 0.616237 0.053102 0.045339 0.089167
0 0.324102 0.864931 0.054036 0.083009
0 0.316745 0.750671 0.050833 0.095509
0 0.312435 0.585787 0.051172 0.200093
0 0.310990 0.420069 0.050208 0.097176
0 0.317539 0.129838 0.051172 0.098935
0 0.094896 0.505347 0.034635 0.087083
0 0.095391 0.314907 0.032656 0.086204
0 0.106771 0.122269 0.040573 0.082685
